508 511 490 513 512 499 503 492 493 511 534 458 474 490 518 501 501 491 490 511
1585 1058 902 709 659 579 367 396 413 331 355 359 463 357 240 342 195 206 165 319
857 92 216 290 338 358 418 463 364 564 735 402 495 420 708 598 720 785 684 493
4255 3064 478 465 173 148 105 153 79 89 96 125 106 83 68 108 122 90 68 125
836 240 348 477 687 1250 722 889 1205 659 859 220 198 241 318 85 98 257 257 154
4408 713 1806 199 421 145 126 156 189 157 164 223 80 154 146 292 241 142 75 163
890 448 436 1994 413 1148 1070 362 754 290 148 144 277 175 382 104 151 235 246 333
2348 373 1114 269 455 497 173 525 470 410 817 210 131 408 550 649 105 145 215 136
956 966 581 1940 368 453 1332 298 282 160 115 254 466 254 206 156 659 169 134 251
2236 402 860 250 445 1313 216 290 280 198 925 494 165 489 141 402 154 243 324 173
1001 1346 599 1893 378 502 531 378 250 200 131 208 321 302 346 128 495 325 158 508
2129 377 1443 329 594 1104 149 266 323 285 469 405 292 359 228 786 116 69 94 183
1132 1090 616 1635 307 430 1112 206 284 205 247 263 195 165 114 187 656 652 323 181
2307 372 1302 369 631 1252 151 680 272 466 222 156 175 410 391 279 200 106 67 192
1050 1523 710 1761 338 699 1121 150 153 219 287 520 171 192 119 130 77 254 301 225
2361 464 733 378 655 962 163 391 1137 144 384 265 160 86 419 291 658 176 75 98
1164 1567 830 1219 305 284 507 222 163 393 120 155 191 213 421 312 165 132 1296 341
1879 535 678 367 802 1507 107 314 1047 114 842 360 299 167 143 195 135 243 163 103
1232 1354 1083 978 197 109 2188 233 144 687 155 185 103 174 241 142 204 188 111 292
1914 619 642 348 1011 2717 112 189 619 119 173 186 200 158 132 152 162 100 114 333
1092 1421 1274 1184 193 126 1855 496 144 433 311 235 175 163 133 123 154 292 124 72
2029 548 674 346 885 1864 126 399 909 295 121 176 178 305 213 166 205 82 129 350
980 1487 1081 1169 190 117 1351 495 136 390 770 94 190 355 213 307 149 283 135 108
1971 384 694 460 1271 1847 152 474 518 248 166 466 224 171 127 150 182 87 163 245
894 1723 1124 1036 164 247 1126 431 321 285 429 173 335 134 422 502 140 188 175 151
2507 252 752 505 1671 1211 130 469 163 355 148 308 161 390 151 126 291 192 88 130
884 1871 696 1284 185 159 626 455 418 205 295 205 405 230 360 365 209 96 663 389
2725 194 1036 438 1387 1763 152 212 224 196 201 114 154 344 101 144 111 164 149 191
1050 2215 579 1509 226 135 610 955 360 179 213 475 203 198 250 102 287 89 213 152
1902 328 908 295 1542 1345 234 389 307 138 133 176 190 280 117 624 305 411 151 225
1055 1546 561 1999 263 166 544 720 187 241 682 296 228 89 702 169 90 186 137 139
1905 513 786 454 996 1811 152 325 422 113 107 267 138 890 167 113 475 123 122 121
1217 1419 600 1955 229 157 707 561 109 486 767 245 440 101 105 126 129 325 130 192
1741 431 842 311 1124 1242 175 254 1162 177 206 153 174 613 372 418 152 72 161 220
1140 1367 560 1800 197 240 573 1080 98 245 305 310 391 153 70 303 172 645 268 83
1596 288 884 292 1307 1300 157 267 1699 215 101 320 152 176 566 70 108 150 163 189
1285 1162 476 2004 200 191 458 726 132 120 542 403 264 570 121 648 140 138 180 240
1747 383 861 312 1671 1356 102 185 858 393 225 111 150 154 611 124 292 166 147 152
1504 784 472 1925 164 218 1803 609 123 124 221 306 503 110 176 278 184 156 136 204
1739 555 728 358 1791 1248 134 199 703 555 422 176 172 291 109 219 141 177 135 148
1416 1047 568 1759 193 147 1360 1032 139 173 235 532 190 106 355 99 145 128 189 187
1577 455 840 389 2329 1537 123 383 269 276 193 272 149 226 126 240 128 196 123 169
1355 1390 430 1949 161 250 1126 568 119 138 187 192 270 126 256 186 226 291 436 344
1514 566 961 400 2056 1585 126 252 536 218 289 201 159 240 180 133 236 102 88 158
1482 1448 476 1929 178 133 1204 398 124 208 264 112 419 139 116 215 71 342 565 177
1406 491 884 358 2003 1524 117 180 268 162 175 773 154 243 139 270 272 125 207 249
1370 904 458 1900 164 239 1242 839 136 233 245 312 406 145 263 106 103 585 227 123
1388 631 861 331 2017 1092 132 400 410 379 149 241 303 259 156 322 366 128 93 342
1437 1107 441 1768 169 245 1554 773 136 294 490 225 111 125 207 131 130 115 328 214
1273 679 893 394 1660 1488 135 309 538 179 327 194 528 612 210 91 160 150 74 106
1463 970 436 1615 170 283 1509 344 139 186 251 306 141 129 220 281 310 264 573 410
1132 745 1265 352 1554 1379 121 222 578 197 596 204 234 268 288 113 143 288 104 217
1598 999 402 1934 173 191 1670 588 168 141 310 455 166 219 94 191 160 264 197 80
1242 789 1501 376 1841 1027 135 186 400 489 199 183 171 138 403 120 183 85 260 272
1386 1074 400 1789 232 210 1401 848 171 116 422 162 172 361 159 440 164 249 131 113
1370 743 1747 401 1696 544 127 233 404 753 108 177 301 245 306 161 164 116 201 203
1363 1116 378 1939 278 216 1350 899 113 157 519 177 145 142 219 136 213 340 141 159
1413 650 1397 373 1392 948 114 106 1085 465 89 265 140 321 176 315 148 113 324 166
1612 1040 400 1844 274 261 1092 649 107 131 733 132 207 139 307 280 163 153 200 276
1437 729 1081 372 1043 1592 138 121 897 455 114 316 125 237 379 105 295 138 203 223
1618 990 429 1883 166 126 1247 1025 133 141 384 192 236 120 136 535 235 160 93 151
1457 709 1834 363 1433 1134 176 244 178 574 159 137 165 281 166 125 210 222 318 115
1514 1081 490 1663 197 228 1641 652 157 126 218 505 354 157 145 192 244 133 137 166
1400 539 1391 406 1465 1266 124 417 348 310 143 147 429 268 547 120 161 168 154 197
1524 1007 454 1808 259 153 1878 229 186 230 252 166 210 233 144 284 156 472 181 174
1298 524 1440 328 1305 1655 154 280 475 149 332 176 524 256 338 144 151 159 134 178
1720 929 519 1702 376 202 1524 311 165 237 199 101 229 159 254 274 330 358 304 107
1269 621 975 486 1307 1659 180 627 255 137 166 850 233 274 135 146 70 127 180 303
1740 684 647 1660 392 144 394 280 183 907 363 114 216 141 269 152 1034 404 126 150
1308 650 1491 545 1364 1050 137 657 470 161 134 864 143 139 161 99 164 145 126 192
2024 799 516 1322 586 192 1253 398 151 573 283 145 151 188 210 219 286 327 159 218
1245 815 1244 643 954 1777 148 315 500 170 125 323 222 152 373 306 195 136 249 108
2033 708 547 1327 360 173 1803 419 172 253 514 134 276 132 125 135 139 492 121 137
1476 914 847 709 1108 1446 128 167 738 146 162 518 171 361 156 171 263 143 250 126
1677 725 488 1401 417 235 1669 300 178 329 329 193 346 141 103 283 437 195 186 368
1386 1638 919 484 701 1393 194 240 324 169 134 656 209 333 390 174 175 170 142 169
1367 732 499 1910 549 155 825 441 342 532 410 145 117 176 149 147 325 325 525 329
1402 1512 999 478 558 1460 153 558 244 221 160 482 366 192 361 228 221 159 101 145
1237 620 533 1967 505 260 996 547 246 680 516 162 106 192 160 156 118 140 478 381
1797 992 1109 475 974 1162 139 482 251 100 212 819 323 135 172 126 301 158 138 135
1155 797 533 1737 752 341 1026 436 143 1043 331 179 216 152 227 124 221 123 232 232
2004 977 858 319 684 1270 142 208 308 152 191 220 282 516 174 400 700 378 103 114
1229 769 706 1674 646 328 649 714 133 269 192 153 189 237 333 178 121 218 1094 168
2070 835 749 320 902 1510 161 351 474 298 226 340 483 225 175 86 310 240 117 128
1145 816 838 1768 423 376 956 385 120 218 284 169 99 311 302 1055 193 189 183 170
2387 630 553 281 1110 509 131 390 1074 336 285 450 788 126 156 149 183 183 105 174
1387 689 854 1688 439 277 1589 205 106 312 223 149 99 278 398 168 181 188 529 241
1946 514 576 317 1317 917 144 643 1197 183 329 412 356 184 108 116 356 181 62 142
1636 664 1138 1624 326 311 1014 199 116 357 346 154 184 126 177 354 151 158 811 154
1906 1218 428 378 1115 713 134 351 1340 282 340 498 168 295 95 87 140 122 138 252
1601 660 1170 1637 188 270 1028 570 110 165 272 109 127 173 490 707 234 168 212 109
1999 1007 699 345 1288 1190 140 311 1053 223 139 346 164 82 144 217 183 162 72 236
1599 629 1168 1739 225 204 629 655 129 185 292 140 130 648 164 88 163 151 842 220
2032 1163 554 424 825 1521 115 672 448 358 179 176 165 94 164 313 143 380 104 170
1638 630 1174 1627 323 264 1378 554 103 219 142 176 105 230 199 123 119 153 714 129
1939 969 614 465 660 1722 153 158 978 156 319 251 300 142 103 131 182 219 154 385
1650 723 1226 1900 328 189 984 549 116 304 167 143 248 242 219 326 156 226 101 203
1757 939 632 264 821 1624 146 269 1244 177 161 175 394 270 98 132 404 118 291 84
1662 721 1103 1870 472 206 501 559 106 332 194 158 174 128 847 245 98 100 172 352
1672 800 676 257 650 2192 151 340 693 207 233 159 214 153 158 187 783 258 93 124
0 0 0 0 0 0 0 0 0 0 0 0 0 0 0 0 0 0 0 0 0 0 0 0 0 0 0 0 0 0 0 0 0 0 0 0 0 0 0 0 0 0 0 0 0 0 0 0 0 0 0 0 0 0 0 0 0 0 0 0 0 0 0 0 0 0 0 0 0 0 0 0 0 0 0 0 0 0 0 0 0 0 0 0 0 0 0 0 0 0 0 0 0 0 0 0 0 0 0 0
0 0 0 0 0 0 0 0 0 0 0 0 0 0 0 0 0 0 0 0 0 0 0 0 0 0 0 0 0 0 0 0 0 0 0 0 0 0 0 0 0 0 0 0 0 0 0 0 0 0 0 0 0 0 0 0 0 0 0 0 0 0 0 0 0 0 0 0 0 0 0 0 0 0 0 0 0 0 0 0 0 0 0 0 0 0 0 0 0 0 0 0 0 0 0 0 0 0 0 0
0 0 3 2 4 2 3 2 4 1 7 2 3 3 1 4 2 7 1 4 2 3 2 3 2 1 2 3 2 1 2 2 4 1 3 6 9 1 3 1 2 2 3 3 1 1 2 2 3 2 4 2 1 8 3 15 11 1 4 3 2 1 4 3 2 3 4 2 1 3 5 6 3 1 1 2 2 3 6 1 4 3 2 2 4 3 1 4 2 3 3 1 3 2 3 2 3 8 0 0
0 0 3 6 6 10 5 11 2 0 2 10 5 6 19 1 13 1 8 8 19 2 3 7 9 8 1 6 1 11 5 7 19 5 6 3 8 3 1 9 6 14 4 7 5 4 0 5 6 3 10 4 0 3 13 5 5 4 1 6 1 17 7 7 3 2 2 4 8 5 3 3 4 6 16 7 14 5 5 6 6 7 3 7 3 4 4 1 5 5 1 7 4 7 2 10 5 2 0 0
0 0 2 7 10 0 7 7 11 2 11 15 15 5 13 13 1 15 11 10 9 10 19 9 12 15 16 1 6 10 19 5 5 6 0 17 3 8 16 0 18 0 15 4 4 5 5 13 8 6 3 9 3 3 11 5 4 13 6 1 14 13 9 9 11 11 11 4 4 0 0 4 7 13 7 15 11 11 8 10 19 8 7 3 10 9 18 0 1 1 1 8 7 4 9 6 5 1 0 0
0 0 1 17 10 9 9 9 9 11 19 16 18 0 5 5 0 0 0 0 10 9 9 19 15 12 16 0 18 6 10 0 6 0 0 10 12 17 0 16 0 18 0 19 0 0 12 0 19 17 6 3 3 4 9 4 4 6 6 9 9 14 14 14 17 17 17 17 11 4 4 11 11 7 13 9 0 0 12 8 8 14 16 10 9 18 0 17 1 1 8 8 19 15 4 6 3 2 0 0
0 0 2 1 9 13 15 0 0 0 16 0 0 18 12 0 14 0 0 0 10 15 9 15 19 12 12 18 19 0 6 6 0 0 10 12 0 0 0 0 16 0 18 0 19 13 0 12 19 18 17 6 12 4 4 4 6 9 9 9 1 14 15 18 2 2 19 19 11 4 4 16 0 15 12 0 9 12 19 14 14 10 10 9 17 0 17 17 1 16 16 16 16 16 4 5 5 1 0 0
0 0 2 1 11 13 15 12 12 12 12 12 0 12 18 0 0 14 0 2 2 15 15 15 19 19 18 12 19 0 0 0 10 10 12 0 0 0 0 0 0 16 0 18 13 19 19 12 12 18 17 12 6 3 4 6 6 1 1 1 3 3 15 15 18 2 3 19 19 3 16 16 15 0 0 12 12 9 0 0 0 0 9 0 16 17 17 2 16 16 2 2 2 19 12 4 5 2 0 0
0 0 1 11 8 13 12 0 16 0 0 0 12 0 0 18 0 14 14 2 2 2 15 8 3 18 19 12 12 0 0 0 14 12 0 0 0 0 0 0 0 0 16 13 18 0 19 18 12 12 12 12 6 6 6 6 1 1 1 3 3 3 3 15 15 18 3 3 19 16 16 15 15 0 0 0 19 0 9 0 0 9 0 0 16 16 2 16 16 2 2 2 15 15 12 4 3 5 0 0
0 0 2 6 14 12 0 0 16 16 0 5 12 0 0 0 18 14 14 14 2 0 8 9 18 18 19 12 12 12 0 14 12 0 13 0 0 0 0 0 0 0 13 16 0 18 18 18 3 12 12 3 3 6 6 3 3 1 3 3 3 3 3 3 15 15 18 3 16 16 15 15 3 0 0 19 0 0 0 9 9 0 0 0 3 16 16 16 2 2 2 2 15 15 13 4 7 2 0 0
0 0 4 7 6 14 0 0 16 16 5 5 5 0 0 0 18 18 18 14 14 0 0 18 18 18 19 0 12 12 12 12 0 0 0 13 0 0 0 0 0 13 0 0 16 18 18 3 3 3 3 3 3 3 3 3 3 3 3 3 3 3 3 3 3 15 15 16 16 15 15 19 3 3 19 0 0 0 0 0 0 0 0 3 3 3 16 2 2 2 2 19 19 13 15 7 2 5 0 0
0 0 2 5 7 6 18 18 16 16 5 5 5 5 10 10 18 18 18 18 18 14 18 18 18 0 0 0 0 14 12 12 0 0 0 0 13 0 0 0 13 0 0 0 16 16 3 3 3 3 3 3 3 3 3 3 3 3 3 3 3 3 3 3 3 3 16 15 15 15 3 19 19 19 19 0 0 0 0 0 0 0 3 3 3 3 3 3 2 2 2 19 13 7 7 8 10 2 0 0
0 0 5 3 14 6 6 18 16 16 6 5 5 10 10 10 10 18 18 18 14 14 14 18 0 0 0 0 14 14 12 12 0 0 0 0 0 13 0 13 0 0 0 3 3 16 16 3 3 3 3 3 3 3 3 3 3 3 3 3 3 3 3 3 3 16 16 15 15 3 3 3 19 19 3 3 0 0 0 0 0 3 3 3 3 3 3 2 2 2 2 19 13 7 7 8 15 1 0 0
0 0 2 10 3 17 18 18 16 16 16 6 5 10 10 10 10 10 10 10 13 14 14 14 0 0 0 14 14 14 0 0 0 0 0 0 0 0 13 0 0 0 3 3 3 3 16 16 3 3 3 3 3 3 3 3 3 3 3 3 3 3 3 3 16 16 3 3 3 3 3 3 3 3 3 3 3 0 0 0 3 3 3 3 3 3 2 2 2 2 19 19 13 14 10 7 8 1 0 0
0 0 4 6 10 3 3 16 16 16 6 6 3 5 10 10 10 10 10 10 10 13 14 14 14 0 14 14 14 0 0 0 0 0 0 0 0 0 0 0 0 0 3 3 3 3 3 16 16 3 3 3 3 3 3 3 3 3 3 3 3 3 3 16 16 3 3 3 3 3 3 3 3 3 3 3 3 3 0 3 3 3 3 3 3 2 2 2 2 19 19 19 13 10 0 11 7 3 0 0
0 0 2 4 10 10 3 3 3 3 3 6 3 3 10 10 10 10 10 10 10 10 13 14 14 14 14 14 0 0 0 0 0 0 0 0 0 0 0 0 0 3 3 3 3 3 3 3 16 16 3 3 3 3 3 3 3 3 3 3 3 3 16 16 3 3 3 3 3 3 3 3 3 3 3 3 3 3 3 3 3 3 3 3 3 2 2 2 19 19 19 14 13 0 10 0 9 3 0 0
0 0 1 9 4 3 3 3 3 3 3 3 6 3 3 10 10 10 10 10 10 10 10 13 14 14 14 13 0 0 0 0 0 0 0 0 0 0 0 0 3 3 3 3 3 3 3 3 3 16 16 3 3 3 3 3 3 3 3 3 3 16 16 3 3 3 3 3 3 3 3 3 3 3 3 3 3 3 3 3 3 3 3 3 3 3 2 19 19 19 14 0 13 0 0 9 0 2 0 0
0 0 7 4 3 8 11 11 3 3 3 3 3 6 3 3 10 10 10 10 10 10 10 10 13 14 13 13 13 0 0 0 0 0 0 0 0 0 0 3 3 3 3 3 3 3 3 3 3 3 16 16 3 3 3 3 3 3 3 3 16 16 3 3 3 3 3 3 3 3 3 3 3 3 3 3 3 3 3 3 3 3 3 3 3 3 19 19 19 14 0 13 0 0 9 0 4 1 0 0
0 0 1 3 9 9 8 11 11 3 3 3 3 3 6 3 3 10 10 10 10 10 10 10 10 13 13 13 13 13 0 0 0 0 0 0 0 0 3 3 3 3 3 3 3 3 3 3 3 3 3 16 16 3 3 3 3 3 3 16 16 3 3 3 3 3 3 3 3 3 3 3 3 3 3 3 3 3 3 3 3 3 3 3 3 19 19 19 14 0 13 0 0 9 0 18 4 5 0 0
0 0 3 5 7 12 12 8 11 11 3 3 3 6 6 6 3 3 10 10 10 10 10 10 10 10 13 13 13 13 13 0 0 0 0 0 0 3 3 3 3 3 3 3 3 3 3 3 3 3 3 3 16 16 16 16 3 3 16 16 3 3 3 3 3 3 3 3 3 3 3 3 3 3 3 3 3 3 3 3 3 3 3 3 19 19 19 0 14 0 13 0 9 0 16 0 5 3 0 0
0 0 6 16 5 7 12 12 8 11 11 11 6 6 6 6 6 3 3 10 10 10 10 10 10 12 12 13 13 13 13 13 0 0 0 0 3 3 3 3 3 3 3 3 3 3 3 3 3 3 3 3 3 3 3 16 16 16 16 3 3 3 3 3 3 3 3 3 3 3 3 3 3 3 3 3 3 3 3 3 3 3 3 19 19 19 0 0 0 14 0 9 0 0 0 8 3 5 0 0
0 0 2 5 5 12 7 8 8 8 11 11 11 6 6 6 6 6 3 3 10 10 10 10 12 12 12 12 13 13 13 13 13 0 0 3 3 3 3 3 3 3 3 3 3 3 3 3 3 3 3 3 3 3 3 3 3 3 3 3 3 3 3 3 3 3 3 3 3 3 3 3 3 3 3 3 3 3 3 3 3 3 19 19 19 0 0 0 0 0 9 0 13 0 8 7 6 3 0 0
0 0 2 10 12 19 8 7 7 7 2 11 11 11 6 6 6 6 6 3 3 10 10 12 12 12 12 12 12 13 13 13 13 0 0 3 3 3 3 3 3 3 3 3 3 3 3 3 3 3 3 3 3 3 3 3 3 3 3 3 3 3 3 3 3 3 3 3 3 3 3 3 3 3 3 3 3 3 3 3 3 19 19 19 0 0 0 0 0 0 0 9 0 8 0 6 7 1 0 0
0 0 3 12 10 8 8 2 7 7 7 2 11 11 11 6 6 6 6 6 3 3 10 12 12 12 12 12 12 12 13 13 12 12 12 12 3 3 3 3 3 3 3 3 3 3 3 3 3 3 3 3 3 3 3 3 3 3 3 3 3 3 3 3 3 3 3 3 3 3 3 3 3 3 3 3 3 3 3 3 3 19 19 19 0 0 0 0 0 0 0 0 8 0 6 0 0 2 0 0
0 0 3 16 8 10 10 2 2 7 7 11 11 11 2 6 6 6 6 6 6 3 3 12 12 12 12 12 12 12 12 12 12 12 12 12 12 3 3 3 3 3 3 3 3 3 3 3 3 3 3 3 3 3 3 3 3 3 3 3 3 3 3 3 3 3 3 3 3 3 3 3 3 3 3 3 3 3 3 3 0 0 0 0 19 0 0 0 0 0 0 0 8 9 0 6 0 2 0 0
0 0 1 8 10 13 14 14 2 2 7 7 7 2 2 2 6 6 6 6 3 3 3 3 12 12 12 12 12 12 12 12 12 12 12 12 12 3 3 3 3 3 3 3 3 3 3 3 3 3 3 3 3 3 3 3 3 3 3 3 3 3 3 3 3 3 3 3 3 3 3 3 3 3 3 3 3 3 3 0 0 0 0 0 0 19 0 0 0 0 0 0 0 8 9 0 6 3 0 0
0 0 2 6 9 14 13 13 2 7 7 7 2 2 2 2 2 6 6 3 3 3 3 3 3 12 12 12 12 12 12 12 12 12 12 12 3 3 3 3 3 3 3 3 3 3 3 3 3 3 3 3 3 3 3 3 3 3 3 3 3 3 3 3 3 3 3 3 3 3 3 3 3 3 3 3 3 3 3 0 0 0 0 0 0 0 19 0 0 0 0 0 0 0 8 9 3 6 0 0
0 0 1 5 6 9 9 13 7 7 2 2 2 2 2 2 2 6 3 3 3 3 3 3 3 3 12 12 12 12 12 12 12 12 12 3 3 3 3 3 3 3 3 3 3 3 3 3 3 3 3 3 3 3 3 3 3 3 3 3 3 3 3 3 3 3 3 3 3 3 3 3 3 3 3 3 3 3 3 0 0 0 0 0 0 0 0 19 0 0 0 0 0 0 18 5 9 1 0 0
0 0 10 4 5 6 6 7 13 13 2 2 2 2 2 2 2 2 3 3 3 3 3 3 3 3 3 12 12 12 12 12 12 3 3 3 3 3 3 3 3 3 3 3 3 3 3 3 3 3 3 3 3 3 3 3 3 3 3 3 3 3 3 3 3 3 16 16 16 3 3 3 3 3 3 3 3 3 3 0 0 0 0 0 0 0 0 0 19 0 0 0 0 18 10 5 8 1 0 0
0 0 4 5 9 16 6 6 2 13 13 2 2 2 2 2 2 5 3 3 3 3 3 3 3 3 3 3 12 12 12 3 3 3 3 3 3 3 3 3 3 3 3 3 3 3 3 3 3 3 3 3 19 19 19 19 19 19 19 19 19 19 19 19 19 19 16 16 16 16 18 18 3 3 3 3 3 3 0 0 0 0 0 0 0 0 0 0 0 19 0 0 18 0 10 11 5 4 0 0
0 0 2 9 9 7 7 6 6 13 13 2 2 2 2 2 2 2 2 3 3 3 3 3 3 3 3 3 3 12 12 3 3 3 3 3 3 3 3 3 3 3 3 3 3 3 3 3 3 3 3 19 19 19 19 19 19 19 19 19 19 19 19 19 19 19 16 16 16 18 18 6 6 6 7 3 3 3 0 0 0 0 0 0 0 0 0 0 0 0 19 18 0 0 15 10 4 2 0 0
0 0 9 2 7 7 16 2 6 6 2 2 2 2 2 2 2 2 2 3 3 3 3 3 3 3 3 3 3 3 3 3 3 3 3 3 3 3 3 3 3 3 3 3 3 3 3 3 3 3 19 19 19 19 19 19 19 19 19 19 19 19 19 19 19 19 10 16 18 18 6 6 6 6 7 7 0 0 0 0 0 0 0 0 0 0 0 0 0 0 0 19 18 15 0 4 10 2 0 0
0 0 3 7 2 12 16 13 13 6 6 2 2 2 2 2 2 2 2 3 3 3 3 3 3 3 3 3 3 3 3 3 3 3 3 3 3 3 3 3 3 3 3 3 3 3 3 3 3 19 19 19 19 19 19 19 19 19 19 19 19 19 19 19 19 10 10 16 18 6 6 6 6 6 7 7 0 0 0 0 0 0 0 0 0 0 0 0 0 0 0 0 19 18 15 4 7 3 0 0
0 0 4 2 18 17 12 12 6 6 2 2 2 2 2 2 2 2 2 2 3 3 3 3 3 3 3 3 3 3 3 3 3 3 3 3 3 3 3 3 3 3 3 3 3 3 3 3 19 19 19 19 19 19 19 19 19 19 19 19 19 19 19 19 19 10 10 16 18 6 6 6 6 6 7 7 0 0 0 0 0 0 0 0 0 0 0 0 0 0 0 0 0 17 13 15 4 1 0 0
0 0 2 10 17 13 13 6 6 2 2 2 2 2 2 2 2 2 2 2 2 3 3 3 3 3 3 3 3 3 3 3 3 3 3 3 3 3 3 3 3 3 3 3 3 3 3 19 19 19 19 19 19 19 19 19 19 19 19 19 19 19 19 19 19 19 10 16 18 6 6 6 6 6 7 7 0 0 0 0 0 0 0 0 0 0 0 0 0 0 0 0 17 13 19 16 1 4 0 0
0 0 1 5 10 16 6 12 12 2 2 2 2 2 2 2 2 2 2 2 2 2 3 3 3 3 3 3 3 3 3 3 3 3 3 3 3 3 3 3 3 3 3 3 3 3 19 19 19 19 19 19 19 19 19 19 19 19 19 19 19 19 19 19 19 15 15 16 18 6 6 6 6 6 7 0 0 0 0 0 0 0 0 0 0 0 0 0 0 0 0 0 17 0 13 12 1 5 0 0
0 0 1 10 5 6 12 18 18 2 2 2 2 2 2 2 2 2 2 2 2 3 3 3 3 3 3 3 3 3 3 3 3 3 3 3 3 3 3 3 3 3 3 3 3 3 19 19 19 19 19 19 19 19 19 19 19 19 19 19 19 19 19 19 19 19 13 16 18 6 6 6 6 0 0 0 0 0 0 0 0 0 0 0 0 0 0 0 0 0 0 0 0 16 12 9 6 1 0 0
0 0 3 8 6 5 5 1 18 18 2 2 2 2 2 2 2 2 2 2 3 3 3 3 3 3 3 3 3 3 3 3 3 3 3 3 3 3 3 3 3 3 3 3 3 19 19 19 19 19 19 19 19 19 19 19 19 19 19 19 19 19 19 19 19 13 13 13 18 6 6 6 0 0 0 0 0 0 0 0 0 0 0 0 0 0 0 0 0 0 0 0 0 16 12 9 3 2 0 0
0 0 2 6 12 5 5 1 1 18 18 2 2 2 2 2 2 2 2 3 3 3 3 3 3 3 3 3 3 3 3 3 3 3 3 3 3 3 3 3 3 3 3 3 3 19 19 19 19 19 19 19 19 19 19 19 19 19 19 19 19 19 19 19 13 13 13 13 18 6 6 0 0 0 0 0 0 0 0 0 0 0 0 0 0 0 0 0 0 0 0 0 0 0 16 12 3 2 0 0
0 0 2 11 5 5 19 19 1 1 18 18 2 2 2 2 2 2 3 3 3 3 3 3 3 3 3 3 3 3 3 3 3 3 3 3 3 3 3 3 3 3 3 3 3 19 19 19 19 19 19 19 19 19 19 19 19 19 19 19 19 19 19 19 6 13 13 6 6 6 0 0 0 0 0 0 0 0 0 0 0 0 0 0 0 0 0 0 0 0 0 0 0 0 14 16 7 3 0 0
0 0 6 5 11 11 1 19 19 1 2 18 18 2 2 2 2 3 3 3 3 3 3 3 3 3 3 3 3 3 3 3 3 3 3 3 3 3 3 3 3 3 3 3 3 19 19 19 19 19 19 19 19 19 19 19 19 19 19 19 19 19 19 6 6 6 6 6 6 0 0 0 0 0 0 0 0 0 0 0 0 0 0 0 0 0 0 0 0 0 0 0 0 14 0 7 4 2 0 0
0 0 1 7 9 11 11 1 19 19 2 2 18 18 18 3 3 3 3 3 3 3 3 3 3 3 3 3 3 3 3 3 3 3 3 3 3 3 3 3 3 3 3 3 3 15 19 19 19 19 19 19 19 19 19 19 19 19 19 19 19 19 6 6 6 6 6 6 6 0 0 0 0 0 0 0 0 0 0 0 0 0 0 0 0 0 0 0 0 0 0 0 14 0 0 4 7 1 0 0
0 0 1 14 11 9 9 1 2 19 19 2 2 18 18 18 3 3 3 3 3 3 3 3 3 3 3 3 3 3 3 3 3 3 3 3 3 3 3 3 3 3 3 3 3 15 19 19 19 19 19 19 19 19 19 19 19 19 19 19 19 6 6 6 6 6 6 6 6 0 0 0 0 0 0 0 0 0 0 0 0 0 0 0 0 0 0 0 0 0 0 14 0 0 0 10 4 1 0 0
0 0 4 3 9 0 0 2 19 19 2 2 2 3 18 18 18 3 3 3 3 3 3 3 3 3 3 3 3 3 3 3 3 3 3 3 3 3 3 3 3 3 3 3 3 19 19 19 19 19 19 19 19 19 19 19 19 19 19 19 6 6 6 6 6 6 6 6 6 0 0 0 0 0 0 0 0 0 0 0 0 0 0 0 0 0 0 0 0 0 14 0 0 0 0 15 5 3 0 0
0 0 2 9 3 17 0 19 19 2 2 2 3 3 3 18 18 18 3 3 3 3 3 3 3 3 3 3 3 3 3 3 3 3 3 3 3 3 3 3 3 3 3 3 3 6 19 19 19 19 19 19 19 19 19 19 19 19 19 6 6 6 6 6 6 6 6 6 6 6 9 0 0 0 0 0 0 0 0 0 0 0 0 0 0 0 0 0 0 0 0 14 0 0 0 5 3 6 0 0
0 0 5 3 14 13 17 0 0 2 4 3 3 3 3 3 18 18 18 3 3 3 3 3 3 3 3 3 3 3 3 3 3 3 3 3 3 3 3 3 3 3 3 3 6 6 6 19 19 19 19 19 19 19 19 19 19 19 6 6 6 6 6 6 6 6 6 6 6 9 9 9 0 0 0 0 0 0 0 0 0 0 0 0 0 0 0 0 0 0 0 0 14 0 13 9 5 3 0 0
0 0 1 5 0 14 13 17 0 0 4 4 3 3 3 3 3 18 18 18 3 3 3 3 3 3 3 3 3 3 3 3 3 3 3 3 3 3 3 3 3 3 3 6 6 6 6 6 19 19 19 19 19 19 19 19 6 6 6 6 6 6 6 6 6 6 6 6 9 9 9 9 7 0 0 0 0 0 0 0 0 0 0 0 0 0 0 0 0 0 0 0 0 14 9 6 11 1 0 0
0 0 1 0 5 14 0 13 17 0 0 4 4 3 3 3 3 3 18 18 18 3 3 3 3 3 3 3 3 3 3 3 3 3 3 3 3 3 3 3 3 3 3 6 6 6 6 6 6 19 19 19 19 19 19 6 6 6 6 6 6 6 6 6 6 6 6 9 9 9 9 7 7 7 0 7 7 0 0 0 0 0 0 0 0 0 0 0 0 0 0 0 0 9 6 11 13 1 0 0
0 0 4 6 5 12 0 0 13 17 17 4 4 4 3 3 3 3 3 18 18 3 3 3 3 3 3 3 3 3 3 3 3 3 3 3 3 3 3 3 3 3 3 6 6 6 6 6 6 6 19 19 19 19 6 6 6 6 6 6 6 6 6 6 6 6 9 9 9 9 9 7 7 7 7 7 7 7 0 0 0 0 0 0 0 0 0 0 0 0 0 0 9 12 6 14 19 2 0 0
0 0 2 7 5 0 12 0 0 13 17 17 4 4 3 3 3 3 3 18 18 3 3 3 3 3 3 3 3 3 3 3 3 3 3 3 3 3 3 3 3 3 3 6 6 6 6 6 6 6 6 19 19 6 6 6 6 6 6 6 6 6 6 6 6 9 9 9 9 9 9 7 7 7 7 7 7 7 7 0 0 0 0 0 0 0 0 0 0 0 0 0 12 9 16 6 8 13 0 0
0 0 2 5 16 0 12 12 4 17 13 13 4 0 3 3 3 3 3 18 18 3 3 3 3 3 3 3 3 3 3 3 3 3 3 3 3 3 3 3 3 3 3 6 6 6 6 6 6 6 6 6 6 6 6 6 6 6 6 6 6 6 6 6 9 9 9 9 9 9 9 7 7 7 7 7 7 7 7 7 0 0 0 0 0 0 0 0 0 0 0 12 11 0 9 16 6 3 0 0
0 0 5 3 0 12 12 4 17 17 4 13 13 13 3 3 3 3 3 18 18 3 3 3 3 3 3 3 3 3 3 3 3 3 3 3 3 3 3 3 3 3 3 6 6 6 6 6 6 6 6 6 6 6 6 6 6 6 6 6 6 6 6 6 9 9 9 9 9 9 9 7 7 7 7 7 7 7 7 7 7 0 0 0 0 0 0 0 0 0 0 11 12 19 17 9 5 1 0 0
0 0 4 8 3 3 3 17 17 4 4 0 13 13 13 3 3 3 3 18 18 3 3 3 3 3 3 3 3 3 3 3 3 3 3 3 3 3 3 3 3 3 3 6 6 6 6 6 6 6 6 6 6 6 6 6 6 6 6 6 6 6 6 6 9 9 9 9 9 9 7 7 7 7 7 7 7 7 7 7 7 7 0 0 0 0 0 0 0 0 0 11 19 12 0 0 5 1 0 0
0 0 1 3 8 10 17 17 4 4 0 3 13 13 13 3 3 3 18 18 18 3 3 3 3 3 3 3 3 3 3 3 3 3 3 3 3 3 3 3 3 3 6 6 6 6 6 6 6 6 6 6 6 6 6 6 6 6 6 6 6 6 6 6 9 9 9 9 9 7 7 7 7 7 7 7 7 7 7 7 7 7 7 0 0 0 0 0 0 0 0 19 11 0 12 7 18 4 0 0
0 0 2 6 10 17 17 4 4 0 3 13 13 13 3 3 3 18 18 18 3 3 3 3 3 3 3 3 3 3 3 3 3 3 3 3 3 3 3 19 19 6 6 6 6 6 6 6 6 6 6 6 6 6 6 6 6 6 6 6 6 6 6 6 9 9 9 9 7 7 7 7 7 7 7 7 7 7 7 7 7 7 6 6 0 0 0 0 0 0 19 17 0 11 0 7 10 3 0 0
0 0 2 10 6 6 4 4 0 3 13 13 13 3 3 3 18 18 18 3 3 3 3 3 3 3 3 3 3 3 3 3 3 3 3 3 3 19 19 19 19 19 6 6 6 6 6 6 6 6 6 6 6 6 6 6 6 6 6 6 6 6 6 6 9 9 9 7 7 7 7 7 7 7 7 7 7 7 7 7 7 6 6 6 6 0 0 0 0 19 17 0 0 0 11 18 7 2 0 0
0 0 4 7 7 6 6 6 3 13 13 13 3 3 3 18 18 18 3 3 3 3 3 3 3 3 3 3 3 3 3 3 3 3 3 19 19 19 19 19 19 19 6 6 6 6 6 6 6 6 6 6 6 6 6 6 6 6 6 6 6 6 6 6 6 9 7 7 7 7 7 7 7 7 7 7 7 7 7 7 7 7 6 6 6 19 19 19 19 17 0 0 0 0 18 11 2 1 0 0
0 0 4 14 7 15 6 6 13 13 13 3 3 3 18 18 18 3 3 3 3 3 3 3 3 3 3 3 3 3 3 3 3 3 19 19 19 19 19 19 19 6 6 6 6 6 6 6 6 6 6 6 6 6 6 6 6 6 6 6 6 6 6 6 6 6 7 7 7 7 7 7 7 7 7 7 7 7 7 7 7 7 7 6 19 19 19 19 17 17 17 0 0 18 0 0 1 2 0 0
0 0 1 16 15 7 7 6 6 6 3 3 3 18 18 18 3 3 3 3 3 3 3 3 3 3 3 3 3 3 3 3 3 3 3 19 19 19 19 19 6 6 6 6 6 6 6 6 6 15 6 6 6 6 6 6 6 11 6 6 6 6 6 6 6 6 7 7 7 7 7 7 7 7 7 7 7 7 7 7 7 7 7 7 19 19 19 19 1 1 17 17 18 0 0 6 7 1 0 0
0 0 3 1 19 19 7 6 6 6 6 3 18 18 18 3 3 3 3 3 3 3 3 3 3 3 3 3 3 3 3 3 3 3 3 19 19 19 19 6 6 6 6 6 6 6 6 6 15 15 15 6 6 6 6 6 11 11 11 6 6 6 6 6 6 6 6 7 7 7 7 7 7 7 7 7 7 7 7 7 7 7 7 7 7 7 19 19 19 1 18 18 17 0 6 8 9 4 0 0
0 0 5 1 12 13 6 7 7 6 6 18 18 18 3 3 3 3 3 3 3 3 3 3 3 3 3 3 3 3 3 3 3 3 3 9 19 19 6 6 6 6 6 6 6 6 6 15 15 15 15 15 6 6 6 11 11 11 11 11 6 6 6 6 6 6 6 7 7 7 7 7 7 7 7 7 7 7 7 7 7 7 7 7 7 1 1 1 19 19 18 1 6 6 0 8 13 3 0 0
0 0 1 5 13 6 6 9 7 7 18 18 6 3 3 3 3 3 3 3 3 3 3 3 3 3 3 3 3 3 3 3 3 9 9 9 9 9 6 6 6 6 6 6 6 6 15 15 15 15 15 15 15 6 11 11 11 11 11 11 11 6 6 9 9 6 6 7 7 7 7 7 7 7 7 7 7 7 7 7 7 7 7 7 1 1 1 1 1 19 19 18 1 6 6 13 3 2 0 0
0 0 2 13 5 5 9 7 7 18 18 6 6 6 3 3 3 3 3 3 3 3 3 3 3 3 3 3 3 3 3 3 3 9 9 9 9 9 9 6 6 6 6 19 19 15 15 15 15 15 15 15 15 11 11 11 11 11 11 11 11 9 9 9 9 9 7 7 7 7 7 7 7 7 7 7 7 7 7 7 7 7 7 1 1 1 1 1 1 1 19 19 18 13 13 6 3 2 0 0
0 0 11 5 5 9 7 12 18 18 6 6 6 6 6 3 3 3 3 3 3 3 3 3 3 3 3 3 3 3 3 3 3 9 9 9 9 9 9 9 9 9 9 9 9 9 15 15 15 15 15 15 15 9 9 9 9 9 9 9 9 9 9 9 9 9 7 7 7 7 7 7 7 7 7 7 7 7 7 7 7 7 1 1 1 1 1 1 1 1 1 19 19 13 15 6 6 1 0 0
0 0 3 11 9 7 7 18 12 12 3 6 6 6 6 6 3 3 3 3 3 3 3 3 3 3 3 3 3 3 3 3 9 9 9 9 9 9 9 9 9 9 9 9 9 15 15 15 15 15 15 15 15 15 9 11 9 9 9 9 9 9 9 9 9 7 7 7 7 7 7 7 7 7 7 7 7 7 7 7 7 1 1 1 1 1 1 1 1 1 1 13 13 19 18 10 1 6 0 0
0 0 4 3 7 16 18 12 12 3 3 3 6 6 6 6 6 3 3 3 3 3 3 3 3 3 3 3 3 3 3 3 9 9 9 9 9 9 9 9 9 9 9 9 9 15 15 15 15 15 15 15 15 15 11 11 11 9 9 9 9 9 9 9 7 7 7 7 7 7 7 7 7 7 7 7 7 7 7 7 1 1 1 1 1 1 1 1 1 1 13 13 1 10 10 7 1 4 0 0
0 0 9 4 3 11 12 12 3 3 3 6 6 6 6 6 3 3 3 3 3 3 3 3 3 3 3 3 3 3 3 9 9 9 9 9 9 9 9 9 9 9 9 9 9 15 15 15 15 15 15 15 15 15 15 11 11 11 9 9 9 9 9 7 7 7 7 7 7 7 7 7 7 7 7 7 7 7 7 1 1 1 1 1 1 1 1 1 13 13 13 1 10 10 7 11 4 1 0 0
0 0 1 17 3 12 11 11 3 3 6 6 6 6 6 3 3 3 3 3 3 3 3 3 3 3 3 3 3 3 9 9 9 9 9 9 9 9 9 9 9 9 9 9 15 15 15 15 15 15 15 15 15 15 15 11 11 11 11 9 9 9 7 7 7 7 7 7 7 7 7 7 7 7 7 7 7 7 1 1 1 1 1 1 1 1 1 13 13 13 1 10 10 11 11 4 5 2 0 0
0 0 1 3 15 10 14 11 11 6 6 6 6 6 3 3 3 3 3 3 3 3 3 3 3 3 3 3 3 9 9 9 9 9 9 9 9 9 9 9 9 9 9 9 9 15 15 15 15 15 15 15 15 15 15 11 11 11 11 11 1 7 7 7 7 7 7 7 7 7 7 7 7 7 7 7 1 1 1 1 1 1 1 1 1 1 13 13 13 10 10 10 1 4 4 11 7 2 0 0
0 0 3 18 8 19 3 14 11 11 6 6 6 3 3 3 3 3 3 3 3 3 3 3 3 3 3 6 6 6 9 9 9 9 9 9 9 9 9 9 9 9 9 9 15 15 15 15 15 15 15 15 15 15 15 15 11 11 11 11 11 7 7 7 7 7 7 7 7 7 7 7 7 7 7 1 1 1 1 1 1 1 1 1 1 13 13 13 10 10 10 2 1 4 4 9 11 3 0 0
0 0 2 6 6 8 14 14 6 11 11 6 3 3 3 3 3 3 3 3 3 3 3 3 3 3 6 6 6 6 6 9 9 9 9 9 9 9 9 9 9 9 9 15 15 15 15 15 15 15 15 15 15 15 15 15 15 11 11 11 7 7 7 7 7 7 7 7 7 7 7 7 7 7 1 1 1 1 1 1 1 1 1 1 13 13 13 10 10 10 4 2 2 1 4 4 5 3 0 0
0 0 4 2 6 14 8 8 6 6 11 11 11 3 3 3 3 3 3 3 3 3 3 4 4 6 6 6 6 6 6 9 9 9 9 9 9 9 9 1 9 9 15 15 15 15 15 15 15 15 15 15 15 15 15 15 15 15 11 11 7 7 7 7 7 7 7 7 7 7 7 7 7 7 7 1 1 1 1 1 1 1 1 13 13 13 1 1 4 10 10 4 2 2 16 17 4 1 0 0
0 0 4 19 2 6 6 8 8 6 3 11 11 11 3 3 3 3 3 3 3 3 4 4 4 9 6 6 6 6 6 6 9 9 9 9 9 9 1 1 1 15 15 15 15 15 15 15 15 15 15 15 15 15 15 15 15 15 15 11 7 7 7 7 7 7 7 7 7 7 7 7 7 7 7 7 1 1 1 1 1 1 1 1 13 13 13 4 4 4 10 10 3 16 16 14 8 4 0 0
0 0 5 2 15 12 6 6 8 8 8 11 11 11 3 3 3 3 3 3 3 4 4 4 4 9 9 6 6 6 6 6 6 9 9 9 9 1 1 1 1 15 15 15 15 15 15 15 15 15 15 15 15 15 15 15 15 15 15 15 7 7 7 7 7 7 7 7 7 7 13 7 7 7 7 7 7 1 1 1 1 1 1 1 1 13 13 13 4 4 3 10 10 16 8 8 5 2 0 0
0 0 2 13 9 6 6 4 8 8 11 11 11 3 3 3 3 3 3 3 4 4 4 4 4 9 6 6 6 6 6 6 6 6 3 3 1 1 1 1 1 15 15 15 15 9 9 15 15 15 15 15 15 15 15 15 15 15 15 15 15 7 7 7 7 7 7 7 7 7 7 13 13 7 7 7 7 7 1 1 1 1 1 1 1 4 4 13 13 3 3 3 10 10 8 8 7 3 0 0
0 0 1 7 6 9 19 8 8 11 11 11 3 3 3 3 3 3 3 4 4 4 4 4 4 6 6 6 6 6 6 6 6 3 3 1 1 1 1 1 1 15 15 15 9 9 9 9 15 15 15 15 15 15 15 15 15 15 15 15 15 15 7 7 7 7 7 7 7 7 7 7 13 13 7 7 6 7 7 1 1 1 1 1 4 4 4 4 13 13 3 3 16 10 10 7 6 3 0 0
0 0 1 6 17 13 8 8 11 11 11 3 3 3 3 3 3 3 4 4 4 4 4 4 4 9 6 6 6 6 6 6 3 3 3 1 1 1 1 1 1 15 15 1 1 9 9 9 11 15 15 15 15 15 15 15 15 15 15 15 15 15 15 7 7 7 2 2 7 7 7 7 7 13 13 4 4 4 4 4 1 1 1 4 4 4 4 3 3 13 13 3 16 7 7 6 5 4 0 0
0 0 3 4 4 8 13 11 11 11 3 3 3 3 3 3 3 4 4 4 4 4 4 4 4 4 9 6 6 6 6 3 3 3 1 1 1 1 1 1 15 15 1 1 1 1 9 11 11 11 15 15 15 15 15 15 15 15 15 15 15 15 15 15 7 2 2 2 2 2 2 7 7 7 13 4 4 4 4 4 1 1 4 4 4 4 3 3 3 3 13 13 16 7 6 9 4 5 0 0
0 0 4 3 8 8 11 13 13 13 3 3 3 3 3 3 4 4 4 4 4 4 4 4 4 4 4 9 6 6 3 3 3 1 1 1 1 1 1 15 15 1 1 1 1 1 11 11 11 11 11 15 15 15 15 15 15 15 15 15 15 15 15 15 15 2 2 2 2 2 2 2 2 2 2 4 4 4 4 4 1 4 4 4 4 3 3 3 3 3 3 7 7 6 6 4 11 1 0 0
0 0 5 3 10 11 11 17 13 13 13 3 3 3 3 4 4 4 4 4 4 4 4 4 4 4 4 4 9 3 3 3 1 1 1 1 1 1 15 15 1 1 1 1 1 1 11 11 11 11 11 11 15 15 15 15 15 15 15 15 15 15 15 15 15 2 2 2 2 2 2 2 2 2 2 2 2 2 2 1 1 1 4 4 3 3 3 3 3 3 3 16 7 7 4 6 15 1 0 0
0 0 3 5 11 10 18 18 13 13 17 3 3 3 4 4 4 4 4 4 4 4 4 4 4 4 4 4 4 3 3 1 1 1 1 1 1 15 15 1 1 1 1 1 1 1 11 11 11 11 11 11 11 15 15 15 15 15 15 15 15 15 15 15 2 2 2 2 2 2 2 2 2 2 2 2 2 2 1 1 1 1 1 3 3 3 3 3 3 3 3 16 4 4 7 15 6 3 0 0
0 0 1 7 5 5 10 17 13 3 3 3 3 4 4 4 4 4 4 4 4 4 4 4 4 4 4 4 3 2 1 1 1 1 1 1 15 15 1 1 1 1 1 1 1 1 11 11 11 11 11 11 7 7 15 15 15 15 15 15 15 15 15 2 2 2 2 2 2 2 2 2 2 2 2 2 2 1 1 1 1 1 1 3 3 3 3 3 3 3 3 16 4 15 15 7 12 2 0 0
0 0 1 5 0 10 17 16 13 18 18 18 4 4 4 4 4 4 4 4 4 4 4 2 2 2 2 2 2 2 1 1 1 1 1 15 15 1 1 1 1 1 1 1 1 11 11 1 1 11 11 11 11 7 7 15 15 15 15 15 15 15 2 2 2 2 2 2 2 2 2 2 2 2 2 2 1 1 1 1 1 3 3 1 3 3 3 3 3 3 3 16 4 4 17 17 2 3 0 0
0 0 2 12 10 17 16 16 13 18 18 18 18 4 4 4 4 4 4 4 2 2 2 2 2 2 2 2 2 2 1 1 1 1 15 15 1 1 1 1 1 1 1 1 11 11 1 1 1 1 11 11 11 11 7 7 15 15 15 15 15 2 2 2 2 2 2 2 2 2 2 2 2 2 2 1 1 1 18 1 3 3 3 3 1 3 3 3 3 3 3 16 15 15 4 8 2 7 0 0
0 0 2 4 14 16 0 0 13 18 18 18 18 4 4 4 4 4 4 2 2 2 2 2 2 2 2 2 2 1 1 1 1 15 15 1 1 1 1 1 1 1 1 11 11 1 1 1 1 1 1 11 11 11 11 7 7 15 15 15 2 2 2 2 2 2 2 2 2 2 2 2 2 2 1 1 1 18 18 3 3 3 3 3 3 1 3 3 3 3 3 16 2 15 8 4 5 2 0 0
0 0 3 4 15 14 0 0 13 18 18 18 4 4 4 4 4 4 2 2 2 2 2 2 2 2 2 1 1 1 1 1 15 15 1 1 1 1 1 1 1 1 11 11 1 1 1 1 1 1 1 1 11 11 11 11 7 7 15 15 15 2 2 2 2 2 2 2 2 2 2 2 2 2 2 1 18 18 18 3 3 3 3 3 3 3 1 3 3 3 2 16 8 8 11 11 4 1 0 0
0 0 3 8 19 15 14 13 0 0 0 0 4 4 4 4 4 2 2 2 2 2 2 2 2 2 18 18 1 1 1 15 15 1 1 1 1 1 1 1 1 11 11 1 1 1 7 7 1 1 1 1 1 11 11 11 11 19 2 15 15 15 2 2 2 2 2 2 2 2 2 2 2 2 2 2 18 18 18 3 3 3 3 3 3 3 3 1 3 2 2 16 8 15 11 1 1 4 0 0
0 0 1 6 8 0 13 0 0 0 0 0 4 4 4 4 2 2 2 2 2 2 2 2 2 18 18 18 18 1 15 15 1 1 1 1 1 1 1 1 11 11 1 1 1 7 7 7 7 1 1 1 1 1 11 11 11 19 19 2 15 15 2 2 2 2 2 2 2 2 2 2 2 2 2 18 18 18 18 18 13 13 3 3 3 3 3 3 1 2 2 16 8 8 1 1 6 3 0 0
0 0 1 0 6 13 14 15 0 0 0 0 4 4 4 2 2 2 2 2 2 2 2 2 18 18 1 1 18 15 15 1 1 1 1 1 1 1 1 11 11 1 1 1 7 7 1 1 7 7 1 1 1 1 1 11 11 19 19 19 2 15 14 2 2 2 2 2 2 2 2 2 2 2 2 18 18 3 3 18 13 13 13 3 3 3 3 3 3 1 2 16 14 8 8 1 11 3 0 0
0 0 2 6 13 12 0 0 15 0 0 0 4 4 2 2 2 2 2 2 2 2 2 18 18 1 1 1 15 15 18 1 1 1 1 1 1 1 11 11 1 1 1 7 7 1 1 1 1 7 7 1 1 1 1 5 11 19 19 19 2 14 14 14 2 2 2 2 2 2 2 2 2 2 18 18 2 3 13 13 18 18 13 13 3 3 3 3 3 1 1 16 1 15 15 8 1 2 0 0
0 0 2 7 9 19 0 0 0 0 0 0 0 2 2 11 11 2 2 2 2 2 18 18 1 1 1 15 15 1 18 18 1 1 1 1 1 11 11 1 1 1 7 7 1 1 1 1 1 1 7 7 1 1 1 19 19 11 11 19 14 14 2 14 14 2 2 2 2 2 2 2 1 18 18 2 2 13 13 3 3 18 18 13 9 9 3 3 3 3 1 16 1 1 15 7 8 1 0 0
0 0 3 14 10 19 0 0 0 15 0 0 0 0 11 11 11 11 2 2 2 18 18 1 1 14 15 15 1 1 1 18 18 1 1 1 11 11 1 1 1 7 7 1 1 1 1 1 1 12 12 7 7 1 19 19 1 5 11 11 14 19 2 2 14 14 2 2 2 2 2 1 18 18 1 2 13 13 2 3 3 3 18 9 9 9 9 3 3 16 16 16 1 1 15 7 9 4 0 0
0 0 3 6 0 10 0 0 0 0 15 10 10 0 11 2 2 11 9 8 18 18 1 1 14 14 15 19 1 1 1 1 18 18 1 11 11 1 6 1 7 7 16 17 1 1 1 1 12 12 12 12 7 7 19 16 16 1 14 11 11 19 19 2 2 14 7 7 2 2 1 18 18 1 1 13 13 2 2 2 3 3 9 9 18 13 9 9 16 16 14 14 13 1 9 9 7 3 0 0
0 0 1 5 17 0 10 10 10 10 10 15 11 10 16 16 9 9 9 8 18 12 6 6 14 15 14 19 19 1 9 1 1 18 10 11 12 6 6 6 7 16 16 17 17 0 3 3 12 1 1 12 5 7 7 16 16 14 14 0 11 17 17 13 17 7 7 7 7 1 18 18 10 10 11 13 12 12 2 17 17 9 9 7 18 10 13 9 10 10 10 10 1 1 10 10 9 2 0 0
0 0 1 4 0 17 12 17 17 17 17 11 15 0 10 16 9 8 8 9 8 11 6 6 15 17 4 14 19 1 9 3 8 10 10 10 12 6 7 6 16 17 17 16 17 0 3 3 3 1 8 8 5 5 7 1 14 14 17 18 0 11 9 13 17 7 6 14 7 7 18 10 10 10 11 11 12 12 8 17 17 9 7 7 10 18 12 12 9 8 8 10 10 10 10 12 4 2 0 0
0 0 4 6 0 9 4 1 1 8 11 2 2 15 19 9 7 8 5 12 9 6 12 11 6 4 7 4 1 1 3 3 8 11 13 10 6 7 7 16 6 17 0 0 16 3 10 0 3 3 8 5 8 5 17 1 14 2 16 10 18 0 9 9 7 6 8 6 14 7 4 10 11 13 10 11 14 6 8 8 9 7 5 10 7 6 12 1 8 9 17 8 11 11 11 11 18 1 0 0
0 0 3 7 7 4 1 4 8 1 2 6 6 2 9 7 8 4 4 5 6 9 8 3 4 6 7 1 4 3 1 10 3 2 2 6 10 7 5 9 2 6 4 1 3 4 8 6 4 3 5 4 13 8 1 6 1 8 2 16 5 9 0 7 6 2 2 8 6 4 7 4 9 5 5 1 1 8 6 2 2 5 10 5 6 7 6 1 1 4 4 2 2 3 18 1 1 2 0 0
0 0 2 2 2 1 3 5 4 2 1 5 4 3 2 1 1 12 7 2 2 1 3 4 3 2 1 2 3 4 5 1 2 3 4 2 1 3 1 2 1 2 1 3 1 5 1 2 1 2 3 10 4 1 9 2 9 1 4 2 3 1 1 4 2 3 11 2 1 1 3 3 2 2 1 3 3 1 2 4 3 2 3 4 3 3 1 3 4 1 2 4 3 2 1 2 4 5 0 0
0 0 0 0 0 0 0 0 0 0 0 0 0 0 0 0 0 0 0 0 0 0 0 0 0 0 0 0 0 0 0 0 0 0 0 0 0 0 0 0 0 0 0 0 0 0 0 0 0 0 0 0 0 0 0 0 0 0 0 0 0 0 0 0 0 0 0 0 0 0 0 0 0 0 0 0 0 0 0 0 0 0 0 0 0 0 0 0 0 0 0 0 0 0 0 0 0 0 0 0
0 0 0 0 0 0 0 0 0 0 0 0 0 0 0 0 0 0 0 0 0 0 0 0 0 0 0 0 0 0 0 0 0 0 0 0 0 0 0 0 0 0 0 0 0 0 0 0 0 0 0 0 0 0 0 0 0 0 0 0 0 0 0 0 0 0 0 0 0 0 0 0 0 0 0 0 0 0 0 0 0 0 0 0 0 0 0 0 0 0 0 0 0 0 0 0 0 0 0 0
